image_width: 640
image_height: 480
camera_name: camera
camera_matrix:
  rows: 3
  cols: 3
  data: [718.304488, 0.000000, 322.963105, 0.000000, 726.840476, 250.842609, 0.000000, 0.000000, 1.000000]
distortion_model: plumb_bob
distortion_coefficients:
  rows: 1
  cols: 5
  data: [0.030329, -0.411113, 0.006403, 0.005150, 0.000000]
rectification_matrix:
  rows: 3
  cols: 3
  data: [1.000000, 0.000000, 0.000000, 0.000000, 1.000000, 0.000000, 0.000000, 0.000000, 1.000000]
projection_matrix:
  rows: 3
  cols: 4
  data: [710.538086, 0.000000, 325.549668, 0.000000, 0.000000, 725.365540, 252.611620, 0.000000, 0.000000, 0.000000, 1.000000, 0.000000]
